%实验2：raw=100 density=30 MCS=5 BW=40 v=40 
CRLB_15kHz_350B=[1.77914107980376e-08
2.13101609248206e-11
4.31470272015790e-08
1.05333421958042e-07
4.96204613308931e-08
1.18708258187140e-08
1.92106747593009e-10
5.20312640439515e-09
9.99279317852606e-08
1.98919001644968e-09
8.66395277821645e-08
1.64569833163032e-09
3.75941657366194e-10
4.75001779647371e-08
5.68744143029709e-14
7.10617918143619e-09
2.58350246918372e-10
3.88630103490260e-08
9.02567298346712e-09
4.75992973334873e-10
1.42854349522047e-09
4.81358518098890e-09
5.52241093056597e-08
2.75700878453464e-09
8.16040649545996e-08
1.64433372718699e-09
4.31252587540506e-09
3.42052556338130e-09
5.50475077944238e-08
8.56267706804576e-11
1.11400054283987e-07
5.66689465380928e-11
6.28033569478452e-13
1.41236235657020e-08
3.89066988910673e-10
1.29605600336698e-08
7.37874512006443e-10
3.04067549708130e-11
2.91850935603865e-09
8.98836288450833e-10
6.77068784747125e-13
3.24119255224672e-08
9.93215442505873e-10
2.80452182929866e-09
1.96328104355455e-09
6.88333636927107e-08
2.81742181434886e-09
1.09574309891845e-08
2.86885658390085e-08
6.84054929486003e-08
6.09517080713498e-12
9.34246125882258e-10
1.23649150655378e-08
8.39079715086405e-08
5.18878462743592e-14
2.45104520353800e-12
1.31482288524286e-10
6.09800916061874e-10
2.54425479236774e-14
4.39612235988142e-09
5.17311428369701e-09
8.72257737692679e-15
8.68395180593478e-09
8.61985945200253e-08
1.79043304444653e-11
2.52817495822749e-08
3.34102521311515e-08
1.66869663886781e-07
7.10525664409580e-08
4.14614595439814e-11
8.46070119850979e-09
4.08474500584596e-08
3.43267798906910e-09
3.00756306792084e-08
1.21769146508713e-09
4.00405581426876e-10
2.81167439683919e-08
6.28033569478452e-13
1.52899378117622e-12
7.72019985054268e-09
1.97170818058611e-10
3.31563619662403e-09
4.56204759840100e-09
5.40468421964633e-11
8.80281134216750e-10
5.40687171851511e-09
2.27837531591423e-08
3.34857714392611e-10
5.16299355707058e-08
6.12515902151157e-10
1.05028181462500e-08
7.59963123664473e-09
4.14143977708720e-08
2.13782390100647e-10
6.22059396027918e-10
1.78338972939049e-08];
d1 = [383.650973859714
113.981119489195
434.091487470337
487.540619326744
545.459342455788
487.316021944766
141.624876341305
341.385784812784
559.858575522930
299.914212504726
545.499883594206
201.422387176530
137.218232410142
464.618100048176
16.1418205805366
352.231193429596
143.504881327749
417.204723022133
318.813299980547
159.828296362033
245.715651573293
282.521198753090
368.994680087512
212.110283535199
485.787737865356
180.405419998917
291.742935086635
232.677458081633
553.764587823146
99.8974986758438
581.582440396839
115.506732271100
30.0280287069113
381.107050577529
114.999964502988
390.086691563739
159.804956407242
136.359909114012
287.089217060905
249.712537966041
33.1019825913592
432.310518956577
213.889423526496
178.365090033596
228.246138392593
572.273916592831
309.121303374154
422.132027328325
356.658021841411
455.565801793632
47.5934381385748
159.985121469080
404.867401931998
562.417975586493
19.2097317137642
57.6017783524938
148.121289197948
110.799493880953
15.1513369414963
231.193377519477
317.913462265024
6.49486952090310
354.890313272557
585.121735146049
84.4996584517619
463.033080833486
516.545318419570
574.401348777250
458.180389357527
112.061355198346
312.545441356544
530.916609167635
328.954250200905
516.557959967444
172.665071299392
165.927574086630
435.823371807245
30.0280287069113
44.7601960225328
323.023941808503
113.948566284887
388.185269673366
289.579338833687
130.685210597700
274.253621362576
311.234686054588
339.965202433217
182.738415332755
514.853879333174
209.342033786256
320.785451093074
261.860918148225
582.591030672742
127.801240864780
144.435595437895
409.880344131471];

CRLB_30kHz_350B=[1.42331286384301e-07
1.70481287398565e-10
3.45176217612633e-07
8.42667375664337e-07
9.49666065497123e-08
1.53685398074407e-09
4.16250112351612e-08
1.59135201315974e-08
1.31655866530426e-08
3.00753325892955e-09
3.80001423717897e-07
4.54995314423767e-13
5.68494334514895e-08
2.06680197534698e-09
3.10904082792208e-07
7.22053838677370e-08
3.80794378667899e-09
1.14283479617638e-08
3.85086814479112e-08
4.41792874445278e-07
2.20560702762771e-08
6.52832519636797e-07
1.31546698174959e-08
3.45002070032405e-08
2.73642045070505e-08
6.85014165443661e-10
4.53351572304743e-10
5.02426855582761e-12
1.12988988525616e-07
3.11253591128539e-09
1.03684480269358e-07
5.90299609605154e-09
2.43254039766504e-10
2.33480748483092e-08
7.19069030760666e-09
5.41655027797700e-12
2.59295404179738e-07
7.94572354004699e-09
2.24361746343893e-08
1.57062483484364e-08
2.25393745147909e-08
8.76594479134760e-08
2.29508526712068e-07
5.47243943588802e-07
4.87613664570798e-11
7.47396900705807e-09
9.89193205243022e-08
4.15102770194874e-13
1.96083616283040e-11
1.05185830819429e-09
4.87840732849499e-09
2.03540383389419e-13
3.51689788790514e-08
4.13849142695761e-08
6.97806190154144e-14
6.94716144474782e-08
1.43234643555723e-10
2.02253996658199e-07
5.68420531527664e-07
3.31691676351851e-10
6.76856095880783e-08
2.74614239125528e-08
9.74153172069704e-09
3.20324465141501e-09
2.24933951747135e-07
5.02426855582761e-12
1.22319502494098e-11
6.17615988043414e-08
1.57736654446889e-09
2.65250895729922e-08
3.64963807872080e-08
4.32374737571706e-10
7.04224907373400e-09
4.32549737481209e-08
1.82270025273139e-07
2.67886171514089e-09
4.90012721720925e-09
8.40225451700001e-08
6.07970498931579e-08
1.71025912080517e-09
4.97647516822335e-09
1.42671178351239e-07];
d2 = [383.650973859714
113.981119489195
434.091487470337
487.540619326744
487.316021944766
141.624876341305
341.385784812784
299.914212504726
201.422387176530
137.218232410142
464.618100048176
16.1418205805366
352.231193429596
143.504881327749
417.204723022133
318.813299980547
159.828296362033
245.715651573293
282.521198753090
368.994680087512
212.110283535199
485.787737865356
180.405419998917
291.742935086635
232.677458081633
99.8974986758438
115.506732271100
30.0280287069113
381.107050577529
114.999964502988
390.086691563739
159.804956407242
136.359909114012
287.089217060905
249.712537966041
33.1019825913592
432.310518956577
213.889423526496
178.365090033596
228.246138392593
309.121303374154
422.132027328325
356.658021841411
455.565801793632
47.5934381385748
159.985121469080
404.867401931998
19.2097317137642
57.6017783524938
148.121289197948
110.799493880953
15.1513369414963
231.193377519477
317.913462265024
6.49486952090310
354.890313272557
84.4996584517619
463.033080833486
458.180389357527
112.061355198346
312.545441356544
328.954250200905
172.665071299392
165.927574086630
435.823371807245
30.0280287069113
44.7601960225328
323.023941808503
113.948566284887
388.185269673366
289.579338833687
130.685210597700
274.253621362576
311.234686054588
339.965202433217
182.738415332755
209.342033786256
320.785451093074
261.860918148225
127.801240864780
144.435595437895
409.880344131471];

% CRLB_60kHz_350B=[0.0150 0.0334 0.0752 0.1337 0.2063 ];
% d3 = [];

